0.01	1	1	1	1
0.0109749876549306	1	1	1	1
0.0120450354025878	0.999977493960748	0.999999994523639	0.999999999998994	0.999999999999998
0.0132194114846603	0.999950386705613	0.999999986578679	0.999999999997237	1
0.0145082877849594	0.99991773787757	0.99999997505242	0.999999999994166	0.999999999999997
0.0159228279334109	0.999878415087219	0.999999958330708	0.999999999988808	0.999999999999998
0.0174752840000768	0.999831054764873	0.999999934071955	0.999999999979432	0.999999999999994
0.0191791026167249	0.999774015062356	0.999999898879446	0.999999999963051	0.999999999999986
0.0210490414451202	0.999705319203644	0.999999847825991	0.999999999934441	0.999999999999972
0.0231012970008316	0.999622587367282	0.999999773764674	0.999999999884438	0.999999999999944
0.0253536449397011	0.999522954807843	0.999999666329227	0.999999999797072	0.999999999999879
0.0278255940220712	0.999402973478362	0.999999510484738	0.999999999644424	0.999999999999744
0.0305385550883341	0.999258493889672	0.999999284426399	0.999999999377732	0.999999999999461
0.0335160265093884	0.999084523324611	0.999998956533689	0.999999998911794	0.999999999998872
0.0367837977182863	0.9988750558023	0.999998480955961	0.999999998097817	0.999999999997628
0.0403701725859655	0.99862286834893	0.999997791216074	0.999999996675908	0.999999999995006
0.0443062145758388	0.998319277167065	0.9999967909444	0.999999994192222	0.999999999989495
0.0486260158006535	0.997953846198964	0.999995340460377	0.999999989854307	0.999999999977898
0.0533669923120631	0.997514039353355	0.999993237347625	0.999999982278732	0.999999999953511
0.0585702081805666	0.996984806322737	0.999990188347541	0.999999969050812	0.999999999902222
0.0642807311728432	0.996348090494475	0.999985768713573	0.999999945957	0.999999999794382
0.0705480231071864	0.995582246017591	0.999979363471939	0.999999905646898	0.999999999567695
0.0774263682681127	0.994661349740447	0.999970082604003	0.999999835302707	0.999999999091286
0.0849753435908644	0.993554392659722	0.999956638694626	0.999999712582099	0.999999998090426
0.093260334688322	0.992224334995641	0.999937170650991	0.999999498561386	0.999999995988563
0.102353102189903	0.990627009443545	0.99990899009786	0.999999125472784	0.999999991576659
0.112332403297803	0.988709859148181	0.999868217193533	0.999998475420288	0.99999998232115
0.123284673944207	0.986410501354102	0.999809258814453	0.999997343490391	0.999999962917899
0.135304777457981	0.983655115675663	0.999724062928355	0.999995373926219	0.999999922274763
0.148496826225446	0.98035666907246	0.999601056770836	0.999991949929541	0.999999837226959
0.162975083462064	0.976413009935783	0.999423641103158	0.999986003888354	0.999999659476161
0.178864952905743	0.971704893677277	0.99916806620277	0.99997569159931	0.999999288520152
0.196304065004027	0.966094044716334	0.998800455585524	0.999957835179098	0.999998515729049
0.215443469003188	0.959421417696377	0.998272670602239	0.999926974983821	0.999996909275653
0.236448941264541	0.951505896434005	0.997516626581736	0.999873765705517	0.999993578522904
0.259502421139974	0.942143763043708	0.996436590480722	0.999782283163706	0.999986694492592
0.28480358684358	0.931109378698596	0.994898936994573	0.999625544452887	0.999972521152449
0.312571584968824	0.91815763189754	0.992718865927408	0.999358145623448	0.999943476607554
0.343046928631492	0.903028810169023	0.989643779437708	0.998904350422489	0.999884297831594
0.376493580679247	0.885456603399645	0.985333531185414	0.9981392150164	0.999764566010189
0.413201240011534	0.865179902093727	0.979338803182254	0.996859506173825	0.999524416793237
0.453487850812858	0.841958848841026	0.97108069470061	0.994740621910488	0.999047907699501
0.497702356433211	0.815595170090014	0.959837413430046	0.991276346774018	0.99811506634506
0.546227721768434	0.785956112244049	0.944747619186362	0.985701881350398	0.996319655850327
0.599484250318941	0.753000342422908	0.924843592897917	0.976910147474922	0.992937985596649
0.657933224657568	0.716803061788325	0.899128777467437	0.963390215034694	0.986742649972844
0.722080901838546	0.67757656115628	0.866709677816558	0.943244780398668	0.975790148766677
0.792482898353917	0.635681885959114	0.826977706008551	0.914369059729657	0.957293080052325
0.869749002617783	0.591627563646279	0.779811774039112	0.874863124367318	0.927808306306942
0.954548456661834	0.546052744616483	0.725745010885254	0.823658041802161	0.884024396861198
1.04761575278966	0.49969456511268	0.666026189713909	0.76115918574887	0.824180771395976
1.14975699539774	0.453342581707287	0.602526258021069	0.689559869068442	0.749503569863204
1.26185688306602	0.407785930645526	0.537494007285639	0.612547164272135	0.664547512061912
1.38488637139387	0.36376054658472	0.473227047986697	0.534456062289272	0.575882797853279
1.51991108295293	0.321903761234392	0.411757314496373	0.459273307637097	0.48991503697786
1.66810053720006	0.282721897972897	0.354634917230184	0.389935470008587	0.411236143914965
1.83073828029537	0.246573664092758	0.302844581291671	0.328108339258296	0.342175480296537
2.00923300256505	0.213669104605076	0.256837976986998	0.274348942777557	0.283239766524473
2.20513073990305	0.184081438213135	0.216637196975404	0.228437414920884	0.23382699392335
2.42012826479438	0.157767716028978	0.181962792473336	0.189708376100034	0.192825271793938
2.65608778294669	0.134593973389531	0.152353401293605	0.157302409350106	0.158990568162172
2.91505306282518	0.114361117950603	0.127260719213045	0.130325956730887	0.131140876385549
3.19926713779738	0.0968288193675228	0.106116258615747	0.107938444968183	0.108235323551294
3.51119173421513	0.0817357774731683	0.0883733310054468	0.0893912758334915	0.089392486436039
3.85352859371053	0.0688157060077019	0.0735302149477712	0.0740387833383864	0.0738810958305495
4.2292428743895	0.0578090676826074	0.0611404252302571	0.0613346677540222	0.0611006790930058
4.64158883361278	0.0484710235834642	0.0508148736788145	0.0508219815790776	0.0505604326509397
5.09413801481638	0.0405762619432905	0.0422193757884228	0.0421210773585855	0.0418597629075699
5.59081018251222	0.0339214142428249	0.0350697990378221	0.034917715622294	0.0346716056265204
6.13590727341317	0.0283257132647614	0.0291262793166147	0.0289522957125379	0.0287286128402597
6.73415065775082	0.0236304472345856	0.0241873340233747	0.0240105265508844	0.0238119057892284
7.39072203352578	0.019697649737851	0.0200843143266286	0.0199155413637545	0.0197419863492346
8.11130830789687	0.0164083562687818	0.0166764024642261	0.0165213252081154	0.0163714108582563
8.90215085445039	0.013660664599251	0.0138462221652554	0.0137072791763999	0.0135788826379325
9.77009957299225	0.0113677607697431	0.0114960547719413	0.011373743033179	0.0112644798289886
10.7226722201032	0.00945601482991854	0.0095446158330019	0.00943831413904189	0.00934579061412472
11.76811952435	0.00786320816814644	0.00792433107169329	0.00783282262756908	0.00775477460169695
12.9154966501488	0.00653692445435298	0.00657904695814099	0.00650084521321798	0.00643520688283405
14.1747416292681	0.00543311602999845	0.00546211380057364	0.00539566033276848	0.00534059116533116
15.5567614393047	0.00451484453053953	0.00453478492398102	0.00447856479411549	0.00443245184957845
17.0735264747069	0.00375118660193203	0.0037648822269127	0.00371748670278639	0.00367893327762923
18.7381742286038	0.00311629121102134	0.00312568518125053	0.00308584144361007	0.00305364877712342
20.5651230834865	0.00258857308333305	0.00259500666215318	0.00256158729124296	0.00253473343272631
22.5701971963392	0.00215002638530177	0.00215442465135806	0.00212644518520567	0.00210406344627071
24.7707635599171	0.00178564330495383	0.00178864378918162	0.00176525366839608	0.00174661202887162
27.1858824273294	0.00148292326545966	0.00148496498228048	0.00146543523679868	0.00144991741382174
29.8364724028334	0.00123145985565594	0.00123284486669354	0.00121655461607923	0.00120364310139661
32.7454916287773	0.0010225940031219	0.00102352995387886	0.00100995295731381	0.000999214085917088
35.9381366380463	0.000849123338543662	0.000849752827847519	0.000838444781642461	0.0008295157563504
39.4420605943766	0.000705059040663407	0.000705479885728554	0.000696066824226996	0.000688644547402619
43.2876128108306	0.000585422675443533	0.00058570188637401	0.000577869829359702	0.000571701359847257
47.508101621028	0.000486076637280071	0.000486260047997319	0.000479745909394912	0.000474620354024753
52.1400828799969	0.000403582762713602	0.00040370166442673	0.000398285363445927	0.000394027017859307
57.2236765935022	0.000335084523922291	0.000335160231202291	0.000330657908362908	0.000327120474975206
62.8029144183426	0.00027820893020547	0.00027825592187583	0.000274514145541903	0.000271575873134351
68.926121043497	0.000230984882316477	0.000231012960382196	0.000227903805949702	0.000225463413193688
75.6463327554629	0.000191775249030389	0.000191791021382518	0.000189207909557835	0.00018718117226602
83.0217568131975	0.000159220379494619	0.000159228277197034	0.000157082466283783	0.000155399364559186
91.116275611549	0.000132191139680648	0.000132194114122685	0.000130411751653861	0.000129014087963929
100	0.000109749876549326	0.000109749876549309	0.000108269526568329	0.000107108938979385
